Assignment w1 w2 Height
K7QE-K7CE 2.932 42.151 -4.03E+10
K7QB-K7CB 1.858 32.173 -1.77E+10
K7QD-K7CD 1.649 29.251 -3.76E+10
K7HG3-K7CG 1.541 25.462 -8.46E+09
K7HG2-K7CG 1.409 25.445 -1.14E+10
L6HB3-L6CB 1.885 40.880 -5.17E+09
?-? 1.865 40.780 -6.01E+09
A10QB-A10CB 1.501 18.233 6.25E+10
L6QD2-L6CD2 0.908 25.583 1.50E+11
L6QD1-L6CD1 0.826 23.220 8.32E+10
L6HA-L6CA 3.969 58.315 9.30E+09
L5HA-L5CA 4.050 58.238 1.62E+10
L5QB-L5CB 1.682 41.708 -1.18E+10
L5HG-L5CG 1.590 27.282 1.57E+10
L5QD1-L5CD1 0.866 25.042 8.76E+10
L5QD2-L5CD2 0.908 24.463 9.26E+10
I2QD1-I2CD1 0.817 13.527 6.28E+10
I2QG2-I2CG2 0.830 17.782 8.39E+10
G4HA2-G4CA 3.957 46.612 -1.35E+10
G4HA1-G4CA 3.889 46.439 -7.43E+09
F13QD-F13CD2 7.409 132.321 4.36E+10
F1QD-F1CD1 7.351 132.281 6.19E+10
F12QD-F12CD1 6.755 131.617 5.10E+10
F12QE-F12CE1 7.070 131.027 4.80E+10
F12HZ-F12CZ 7.130 129.478 2.95E+10
F13QE-F13CE2 7.268 131.087 4.05E+10
F1QE-F1CE1 7.306 131.715 4.32E+10
?-? 7.208 130.291 2.04E+10
A10HA-A10CA 4.097 55.356 1.33E+10
L9HA-L9CA 4.078 58.314 1.52E+10
G3HA2-G3CA 3.943 46.637 -1.24E+10
K7HA-K7CA 3.950 59.611 1.03E+10
S11HA-S11CA 4.218 60.623 1.88E+10
S11QB-S11CB 3.936 63.281 -2.40E+10
F13HA-F13CA 4.369 58.113 1.59E+10
F12HA-F12CA 4.231 60.303 1.12E+10
F13HB3-F13CB 3.274 39.361 -2.61E+10
F12HB3-F12CB 2.926 39.465 -7.97E+09
F12HB2-F12CB 2.756 39.470 -8.17E+09
T8QG2-T8CG2 1.165 21.815 6.49E+10
I2HG12-I2CG1 1.027 27.709 -1.30E+10
I2HG13-I2CG1 1.363 27.724 -1.44E+10
I2HB-I2CB 1.884 38.165 1.65E+10
I2HA-I2CA 3.946 62.254 9.14E+09
F13HZ-F13CZ 7.142 129.279 2.17E+10
L9HB2-L9CB 1.631 41.854 -9.05E+09
?-L9CG 1.910 26.908 1.28E+10
L6HB2-L6CB 1.488 40.893 -5.18E+09
L6HG-L6CG 1.855 26.995 8.13E+09
