Assignment w1 w2 Height
F12HB2-F12HB3 2.765 2.922 4.78E+10
F12HB3-F12HB2 2.921 2.763 4.38E+10
F13HB3-F13HB2 3.285 2.851 4.19E+10
F13HB2-F13HB3 2.851 3.286 3.99E+10
A10HN-S11HN 8.453 7.788 1.67E+10
L9HN-L9HB2 8.397 1.631 1.40E+10
L9HN-L9QQD 8.397 0.894 2.14E+10
A10HN-L9HN 8.451 8.396 1.73E+10
L9HN-A10HN 8.400 8.451 1.70E+10
?-L9HN 1.978 8.397 7.78E+09
?-L9HN 1.947 8.397 9.28E+09
?-L9HN 1.631 8.397 8.03E+09
L9QQD-L9HN 0.900 8.397 1.34E+10
T8HN-L9HN 7.950 8.397 1.36E+10
L9HN-T8HN 8.397 7.950 1.14E+10
K7HN-T8HN 7.909 7.948 2.13E+10
T8HN-K7HN 7.947 7.907 2.38E+10
L6HN-K7HN 8.148 7.911 1.09E+10
K7HN-L6HN 7.912 8.147 1.17E+10
L6HN-L6QD1 8.146 0.825 1.54E+10
L6HN-L6QD2 8.146 0.909 1.64E+10
L6QD2-L6HN 0.908 8.145 1.40E+10
L6QD1-L6HN 0.826 8.146 8.22E+09
L6HB2-L6HN 1.491 8.146 6.34E+09
L6HG-L6HN 1.851 8.145 1.94E+10
L6HB3-L6HN 1.886 8.145 1.34E+10
L5HN-L5QD1 7.990 0.867 9.19E+09
L5HN-L5QD2 7.989 0.908 1.17E+10
L5HG-L5HN 1.591 7.989 6.17E+09
L5QD2-L5HN 0.909 7.988 5.53E+09
L6HN-L5HN 8.147 7.989 1.35E+10
L5HN-L6HN 7.990 8.147 1.44E+10
G4HN-L5HN 8.088 7.990 1.77E+10
L5HN-G4HN 7.990 8.089 1.76E+10
S11HN-A10HN 7.787 8.455 1.76E+10
G3HA2-G3HA1 3.939 3.772 4.16E+10
G3HA1-G3HA2 3.773 3.942 4.77E+10
S11HN-L9HN 7.785 8.394 4.82E+09
T8HN-A10HN 7.949 8.450 5.50E+09
F12HN-F13HN 7.772 7.853 1.82E+10
F13HN-F12HN 7.852 7.777 1.89E+10
F13HN-F13QD 7.852 7.410 1.32E+10
F13HN-X14H' 7.852 7.284 1.34E+10
X14H-X14H' 7.010 7.286 9.60E+10
X14H'-F13HA 7.283 4.372 6.58E+09
X14H-F13HA 7.011 4.373 3.48E+09
F13QE-F13HB2 7.270 2.852 7.41E+09
X14H-F13HB2 7.012 2.850 3.80E+09
X14H'-F13HB3 7.282 3.284 1.01E+10
F12QD-F12HA 6.752 4.230 2.13E+10
F12QD-F12HB2 6.753 2.763 1.84E+10
F12QD-F12HB3 6.753 2.926 1.91E+10
F12QD-L9HA 6.754 4.076 7.70E+09
F12QE-F12HB3 7.071 2.925 3.53E+09
F12HN-F12QD 7.772 6.752 6.22E+09
F13HN-F12QD 7.851 6.752 4.69E+09
F12QD-F13HN 6.754 7.852 5.08E+09
F12QD-F12HN 6.753 7.775 9.59E+09
F12QE-T8QG2 7.071 1.161 7.22E+09
F12QE-L9QQD 7.071 0.893 3.62E+09
F12QD-L9QQD 6.752 0.888 8.61E+09
F13HN-X14H 7.849 7.014 8.93E+09
X14H-F13HN 7.006 7.851 8.32E+09
F13QD-F13HA 7.409 4.369 2.59E+10
F13QD-A10HA 7.409 4.091 9.72E+09
F13QD-F13HB3 7.409 3.285 2.31E+10
F13QD-F13HB2 7.408 2.852 2.37E+10
F13QD-L9QQD 7.408 0.888 1.07E+10
F13QD-A10QB 7.411 1.502 3.85E+09
F13QD-F12HB2 7.410 2.758 4.61E+09
F13QD-F13HN 7.409 7.850 1.53E+10
X14H'-F13HN 7.280 7.849 1.31E+10
L5HN-G4HA1 7.987 3.877 1.11E+10
L5HN-G4HA2 7.986 3.948 2.11E+10
L6HN-L5HA 8.148 4.050 4.24E+09
T8HN-K7HA 7.949 3.950 1.74E+10
L9HN-T8HA 8.397 3.869 6.93E+09
L9HN-T8HB 8.398 4.345 9.70E+09
S11HN-A10HA 7.787 4.092 1.48E+10
F12HN-S11QB 7.766 3.938 2.35E+10
F13HN-F12HA 7.850 4.227 8.81E+09
F13HN-F12HB2 7.851 2.765 8.81E+09
F13HN-F12HB3 7.851 2.926 9.73E+09
S11HN-A10QB 7.788 1.502 2.71E+10
T8HN-K7QB 7.949 1.856 2.64E+10
K7HN-L6HB3 7.909 1.885 1.75E+10
L6HN-L5QB 8.145 1.678 1.49E+10
T8HN-L5HA 7.948 4.050 8.33E+09
S11HN-T8HA 7.787 3.870 8.16E+09
A10HN-K7HA 8.451 3.950 1.40E+10
F13HN-A10HA 7.849 4.090 5.43E+09
L9HN-L6HA 8.397 3.966 8.62E+09
F12HN-L9HA 7.771 4.083 1.36E+10
L6HA-L9HB3 3.968 1.971 5.35E+09
F12HB3-L9HA 2.915 4.080 6.76E+09
F12HB2-L9HA 2.772 4.080 6.58E+09
G4HA1-K7QB 3.885 1.860 9.45E+09
K7HA-A10QB 3.950 1.502 4.06E+10
A10QB-K7HA 1.501 3.948 4.22E+10
F13HB3-A10HA 3.288 4.092 4.27E+09
F12HB2-F12QD 2.768 6.753 1.15E+10
F12HB3-F12QD 2.918 6.756 1.13E+10
F12HA-F12QD 4.226 6.753 5.43E+09
F13QD-F12QD 7.408 6.754 5.90E+09
?-F12QD 7.270 6.755 5.70E+09
F12QD-? 6.755 7.269 5.84E+09
F12QD-F13QD 6.754 7.412 6.31E+09
L9HN-T8QG2 8.397 1.164 9.56E+09
A10HN-L9QQD 8.453 0.895 1.09E+10
S11HN-L9QQD 7.782 0.886 6.33E+09
T8HA-K7HG2 3.875 1.385 4.56E+09
T8HA-K7QD 3.874 1.650 5.44E+09
L5HA-T8QG2 4.053 1.161 8.78E+09
K7QB-T8HA 1.854 3.874 9.47E+09
T8HA-A10HN 3.874 8.453 5.48E+09
T8HA-L9HN 3.874 8.395 6.08E+09
A10QB-S11HN 1.503 7.787 2.10E+10
F12HN-F12HA 7.769 4.229 2.60E+10
F12HN-F12HB2 7.772 2.763 1.89E+10
F12HN-F12HB3 7.772 2.921 2.30E+10
F12HA-F12HB2 4.229 2.764 4.14E+09
F12HA-F12HB3 4.229 2.927 7.76E+09
F12HB2-F12HA 2.764 4.229 2.02E+10
F12HB3-F12HA 2.926 4.228 2.18E+10
F12HB3-F12HN 2.927 7.770 1.79E+10
F12HB2-F12HN 2.764 7.769 1.72E+10
F12HA-F12HN 4.229 7.769 9.31E+09
F13HN-F13HA 7.852 4.371 1.08E+10
F13HN-F13HB2 7.848 2.852 1.61E+10
F13HN-F13HB3 7.848 3.284 1.71E+10
F13HA-F13HB3 4.372 3.285 4.25E+09
F13HB3-F13HA 3.285 4.371 4.40E+10
F13HB2-F13HA 2.852 4.375 1.37E+10
F13HB2-F13HN 2.852 7.848 1.16E+10
F13HB3-F13HN 3.284 7.848 1.13E+10
S11HN-S11HA 7.788 4.218 3.66E+10
S11HN-S11QB 7.789 3.938 4.60E+10
A10HN-A10HA 8.452 4.091 2.41E+10
A10HN-A10QB 8.449 1.502 5.12E+10
L9HN-L9HA 8.399 4.073 1.45E+10
L9HA-L9QQD 4.077 0.893 3.97E+10
L9HA-L9HB2 4.077 1.631 1.56E+10
L9HA-L9HB3 4.079 1.961 8.58E+09
L9HB3-L9QQD 1.959 0.894 2.70E+10
L9HG-L9QQD 1.907 0.893 3.73E+10
L9HB2-L9QQD 1.631 0.894 4.57E+10
L9QQD-L9HB2 0.894 1.631 4.62E+10
L9QQD-? 0.894 1.907 3.41E+10
L9QQD-L9HB3 0.893 1.960 2.30E+10
L9QQD-L9HA 0.893 4.077 3.38E+10
L9HB2-L9HA 1.630 4.077 1.34E+10
?-L9HA 1.907 4.076 9.94E+09
?-L9HA 1.958 4.078 7.71E+09
L9HA-L9HN 4.079 8.398 9.35E+09
T8HN-T8HA 7.948 3.868 1.74E+10
T8HN-T8HB 7.949 4.346 1.73E+10
T8HN-T8QG2 7.950 1.162 1.26E+10
T8HB-T8QG2 4.346 1.159 3.47E+09
T8HA-T8QG2 3.868 1.161 4.97E+10
T8HB-T8HA 4.344 3.870 2.67E+09
T8HA-T8HB 3.868 4.346 1.99E+10
T8QG2-T8HA 1.161 3.869 2.97E+10
T8QG2-T8HB 1.160 4.346 2.93E+10
T8HA-T8HN 3.871 7.947 1.69E+10
T8QG2-T8HN 1.164 7.948 7.34E+09
K7HN-K7HA 7.909 3.955 2.10E+10
K7HN-K7QB 7.907 1.856 3.44E+10
K7HN-K7QD 7.908 1.648 6.22E+09
K7HA-K7QB 3.948 1.856 5.89E+10
K7HA-K7QD 3.949 1.649 1.71E+10
K7HA-K7HG2 3.947 1.389 1.38E+10
K7HA-K7HG3 3.949 1.541 1.43E+10
K7QE-K7QB 2.931 1.857 3.14E+09
K7QE-K7QD 2.923 1.648 1.68E+10
K7QE-K7HG3 2.924 1.539 6.02E+09
K7QE-K7HG2 2.923 1.402 5.09E+09
K7HA-K7QE 3.947 2.930 7.20E+09
K7QE-K7HA 2.932 3.950 2.78E+09
K7QB-K7QD 1.855 1.648 2.54E+10
K7QB-K7HG3 1.856 1.540 2.11E+10
K7QB-K7HG2 1.856 1.403 2.02E+10
K7QD-K7HG2 1.641 1.403 2.74E+10
K7QD-K7HG3 1.649 1.540 4.85E+10
K7HG3-K7HG2 1.534 1.404 3.91E+10
K7HG3-K7QD 1.543 1.649 5.46E+10
K7HG2-K7QD 1.407 1.643 2.13E+10
K7HG2-K7HG3 1.407 1.536 3.32E+10
K7HG2-K7QB 1.399 1.856 1.65E+10
K7HG3-K7QB 1.540 1.856 2.37E+10
K7QD-K7QB 1.648 1.855 2.78E+10
K7QB-K7QE 1.855 2.932 4.29E+09
K7QD-K7QE 1.648 2.932 1.42E+10
K7HG3-K7QE 1.542 2.931 4.31E+09
K7HG2-K7QE 1.402 2.931 4.77E+09
K7QB-K7HA 1.856 3.949 5.45E+10
K7QD-K7HA 1.649 3.949 1.86E+10
K7HG3-K7HA 1.539 3.948 1.15E+10
K7HG2-K7HA 1.402 3.950 1.06E+10
K7QB-K7HN 1.855 7.907 2.56E+10
K7HA-K7HN 3.949 7.908 1.70E+10
K7QZ-K7QE 7.389 2.932 1.88E+09
L6HN-L6HA 8.143 3.957 2.21E+10
L6HN-L6HG 8.145 1.849 2.62E+10
L6HN-L6HB3 8.147 1.886 1.90E+10
L6HN-L6HB2 8.147 1.490 1.20E+10
L6HB3-L6QD2 1.886 0.909 4.84E+10
L6HG-L6QD2 1.851 0.908 4.60E+10
L6HB3-L6QD1 1.885 0.825 5.17E+10
L6HG-L6QD1 1.851 0.827 5.73E+10
L6HB2-L6QD1 1.495 0.825 2.23E+10
L6HB2-L6QD2 1.495 0.909 2.87E+10
L6QD2-L6QD1 0.909 0.825 1.87E+11
L6QD1-L6QD2 0.825 0.909 1.65E+11
L6QD1-L6HB2 0.825 1.496 2.29E+10
L6QD2-L6HB2 0.909 1.496 3.09E+10
L6QD1-L6HG 0.825 1.852 6.25E+10
L6QD1-L6HB3 0.826 1.886 6.25E+10
L6QD2-L6HG 0.909 1.850 3.85E+10
L6QD2-L6HB3 0.909 1.886 4.74E+10
L6QD2-L6HA 0.904 3.965 3.05E+10
L6QD1-L6HA 0.826 3.969 6.20E+10
?-L6HA 1.490 3.956 3.39E+10
L6HG-L6HA 1.852 3.957 3.98E+10
L6HB3-L6HA 1.885 3.957 2.71E+10
L6HA-L6HN 3.969 8.145 1.39E+10
L5HN-L5HA 7.987 4.050 1.44E+10
L5HN-L5QB 7.990 1.682 3.15E+10
L5HN-L5HG 7.990 1.591 9.21E+09
L5HA-L5QB 4.053 1.683 1.83E+10
L5HA-L5HG 4.054 1.592 1.03E+10
L5HA-L5QD1 4.054 0.866 1.73E+10
L5HA-L5QD2 4.054 0.907 3.27E+10
L5QB-L5QD1 1.682 0.866 3.40E+10
L5QB-L5QD2 1.682 0.907 3.47E+10
L5HG-L5QD2 1.591 0.907 3.73E+10
L5HG-L5QD1 1.591 0.866 2.80E+10
L5QB-L5HG 1.682 1.592 4.66E+10
L5HG-L5QB 1.591 1.683 3.83E+10
L5QD2-L5QD1 0.907 0.866 4.44E+11
L5QD1-L5QD2 0.866 0.907 4.00E+11
L5QD2-L5HG 0.907 1.591 4.42E+10
L5QD1-L5HG 0.865 1.592 3.33E+10
L5QD2-L5QB 0.907 1.683 2.48E+10
L5QD1-L5QB 0.865 1.682 2.54E+10
L5QD1-L5HA 0.866 4.054 2.09E+10
L5QD2-L5HA 0.907 4.053 4.24E+10
L5QB-L5HA 1.683 4.054 2.15E+10
L5HG-L5HA 1.592 4.054 1.21E+10
L5HA-L5HN 4.053 7.990 1.18E+10
L5QB-L5HN 1.684 7.990 2.31E+10
G4HN-G4HA2 8.086 3.947 6.22E+10
G4HN-G4HA1 8.086 3.877 2.50E+10
G4HA2-G4HA1 3.944 3.876 5.46E+10
G4HA1-G4HA2 3.883 3.944 7.51E+10
G4HA1-G4HN 3.887 8.087 2.01E+10
G4HA2-G4HN 3.957 8.087 4.13E+10
A10HA-A10QB 4.095 1.503 3.95E+10
A10QB-A10HA 1.502 4.096 6.39E+10
A10QB-A10HN 1.503 8.447 4.59E+10
S11QB-S11HN 3.936 7.790 3.86E+10
S11HA-S11QB 4.214 3.938 3.23E+10
S11QB-S11HA 3.937 4.217 5.95E+10
I2HN-I2HA 7.983 3.944 1.63E+10
I2HA-I2QD1 3.948 0.817 6.46E+10
G3HN-G3HA1 8.092 3.771 2.52E+10
G3HN-G3HA2 8.092 3.943 6.22E+10
X14H'-X14H 7.284 7.012 1.05E+11
F12QE-F12QD 7.065 6.752 9.29E+10
F12HZ-F12QD 7.118 6.753 1.72E+10
F12QD-F12QE 6.753 7.066 9.07E+10
F12QD-F12HZ 6.754 7.118 8.08E+09
F12HZ-F12QE 7.128 7.070 1.17E+11
F12QE-F12HZ 7.069 7.129 1.16E+11
F13QD-? 7.409 7.268 1.64E+11
F13QE-F13QD 7.268 7.409 1.50E+11
?-? 7.306 7.207 9.45E+10
?-? 7.209 7.308 7.60E+10
I2QG2-I2HA 0.827 3.955 6.82E+10
I2HA-I2HG12 3.947 1.013 6.95E+09
I2HA-I2HB 3.948 1.869 4.21E+10
I2QD1-I2HG12 0.817 1.026 6.91E+10
K7HN-L6HB2 7.908 1.497 9.93E+09
L6HN-L5HG 8.148 1.590 4.80E+09
A10HN-L9HB2 8.451 1.629 1.04E+10
S11HN-? 7.781 1.625 4.49E+09
I2HG13-I2HG12 1.360 1.020 2.79E+10
I2HG12-I2HG13 1.024 1.363 2.79E+10
I2QD1-I2HG13 0.818 1.363 4.82E+10
I2HG13-I2QD1 1.364 0.818 3.14E+10
F12QD-T8QG2 6.753 1.164 3.29E+09
F12QD-? 6.757 1.947 3.26E+09
F12QE-F12HB2 7.065 2.781 2.99E+09
F13QD-F13HZ 7.404 7.142 1.52E+10
F13QE-F13HZ 7.263 7.142 9.55E+10
F13HZ-F13QE 7.143 7.268 9.63E+10
F13HZ-F13QD 7.144 7.410 2.22E+10
F13QE-F13HA 7.269 4.371 7.47E+09
F13QE-A10HA 7.273 4.094 3.74E+09
F13QE-L9QQD 7.268 0.888 1.42E+10
F13HZ-L9QQD 7.139 0.886 5.79E+09
L9HN-L9HG 8.398 1.909 1.93E+10
L9HN-L9HB3 8.398 1.959 1.59E+10
L9HA-L9HG 4.080 1.910 8.16E+09
L9HB3-L9HB2 1.959 1.630 2.36E+10
L9HG-L9HB2 1.907 1.632 1.77E+10
L9HB2-L9HG 1.630 1.908 1.54E+10
L9HB2-L9HB3 1.631 1.964 2.43E+10
A10HN-T8HA 8.449 3.866 3.57E+09
I2HA-I2QG2 3.948 0.827 6.54E+10
I2HA-I2HG13 3.947 1.364 8.73E+09
I2HB-I2HG13 1.884 1.364 1.24E+10
I2HB-I2HG12 1.885 1.027 6.10E+09
I2HG12-I2QD1 1.028 0.816 4.63E+10
I2HG12-I2QG2 1.028 0.828 4.20E+10
I2HG13-I2QG2 1.364 0.828 2.85E+10
I2QG2-I2HG12 0.827 1.027 5.93E+10
I2HG13-I2HB 1.364 1.883 8.10E+09
I2QD1-I2HA 0.817 3.955 5.92E+10
I2HG12-I2HA 1.027 3.953 4.41E+09
I2HG13-I2HA 1.363 3.950 6.83E+09
I2HB-I2HA 1.885 3.950 3.50E+10
F1QD-F1HA 7.353 4.365 2.07E+10
F1QD-F1QB 7.353 3.281 3.89E+10
F1QD-I2HA 7.354 3.946 5.11E+09
I2HN-I2QD1 7.984 0.818 7.14E+09
I2HN-I2QG2 7.984 0.839 8.43E+09
F1QD-I2QD1 7.354 0.804 6.30E+09
F1QD-I2QG2 7.354 0.830 6.77E+09
F1QE-I2QG2 7.306 0.826 6.01E+09
A10HN-L9HG 8.453 1.910 8.06E+09
A10HN-L9HB3 8.452 1.960 1.10E+10
L9HB3-L6HA 1.961 3.959 7.87E+09
K7HN-L6QD1 7.913 0.825 5.48E+09
K7HN-L6QD2 7.913 0.906 8.20E+09
G3HN-I2QD1 8.100 0.815 1.13E+10
G3HN-I2QG2 8.098 0.835 1.02E+10
L6HA-L6HG 3.957 1.852 5.58E+10
L6HA-L6HB3 3.956 1.886 3.89E+10
L6HA-L6HB2 3.957 1.491 3.29E+10
L6HA-L6QD1 3.956 0.825 6.37E+10
L6HA-L6QD2 3.958 0.908 3.25E+10
L6HB3-L6HB2 1.885 1.492 2.75E+10
L6HG-L6HB2 1.849 1.490 3.28E+10
L6HB2-L6HG 1.489 1.854 3.13E+10
L6HB2-L6HB3 1.489 1.885 2.52E+10
G3HA1-L6HB3 3.770 1.880 2.55E+09
