Assignment w1 w2 Height
F12HN-F12HA 7.769 4.229 4.51E+10
F12HN-F12HB2 7.769 2.763 1.25E+10
F12HN-F12HB3 7.770 2.927 1.47E+10
F12HA-F12HB2 4.229 2.764 5.30E+09
F12HA-F12HB3 4.229 2.927 6.53E+09
F12HB2-F12HA 2.764 4.229 1.36E+10
F12HB3-F12HA 2.926 4.228 1.29E+10
F12HB3-F12HN 2.927 7.770 6.39E+09
F12HB2-F12HN 2.764 7.769 8.27E+09
F12HA-F12HN 4.229 7.769 1.33E+10
F13HN-F13HA 7.848 4.374 2.91E+10
F13HN-F13HB2 7.848 2.852 1.61E+10
F13HN-F13HB3 7.848 3.284 1.35E+10
F13HA-F13HB3 4.372 3.285 3.65E+09
F13HB3-F13HA 3.285 4.371 3.88E+10
F13HB2-F13HA 2.852 4.375 8.13E+09
F13HB2-F13HN 2.852 7.848 1.09E+10
F13HB3-F13HN 3.284 7.848 5.71E+09
S11HN-S11HA 7.788 4.218 5.76E+10
S11HN-S11QB 7.789 3.938 3.28E+10
A10HN-A10HA 8.451 4.099 3.30E+09
A10HN-A10QB 8.449 1.502 3.58E+10
L9HN-L9HA 8.397 4.078 1.92E+10
L9HN-? 8.394 1.966 4.88E+09
L9HA-L9QQD 4.078 0.899 1.63E+10
L9HA-L9HB2 4.077 1.631 7.08E+09
L9HA-? 4.077 1.957 7.13E+09
?-? 1.978 1.947 1.16E+10
?-? 1.947 1.978 9.76E+09
?-L9QQD 1.960 0.893 2.60E+10
?-L9QQD 1.908 0.894 4.01E+10
L9HB2-L9QQD 1.630 0.893 4.67E+10
L9QQD-? 0.899 1.631 5.37E+10
L9QQD-? 0.892 1.908 4.60E+10
L9QQD-? 0.892 1.960 3.75E+10
L9QQD-L9HA 0.892 4.077 2.09E+10
L9HB2-L9HA 1.630 4.077 9.94E+09
L9HA-L9HN 4.079 8.398 8.52E+09
T8HN-T8HA 7.948 3.868 2.86E+10
T8HN-T8HB 7.949 4.346 1.12E+10
T8HN-T8QG2 7.948 1.160 2.38E+10
T8HB-T8QG2 4.346 1.159 4.81E+09
T8HA-T8QG2 3.868 1.161 1.09E+11
T8HA-T8HB 3.868 4.346 2.08E+10
T8QG2-T8HA 1.161 3.869 8.53E+10
T8QG2-T8HB 1.160 4.346 4.33E+10
T8HA-T8HN 3.871 7.947 2.58E+10
T8QG2-T8HN 1.164 7.948 2.21E+10
K7HN-K7HA 7.908 3.950 2.84E+10
K7HN-K7QB 7.907 1.856 7.59E+09
K7HN-K7QD 7.908 1.648 3.46E+09
K7HA-K7QB 3.948 1.856 3.69E+10
K7HA-K7QD 3.949 1.649 1.34E+10
K7HA-K7HG2 3.949 1.402 7.39E+09
K7HA-K7HG3 3.949 1.541 8.74E+09
K7QE-K7QB 2.931 1.857 3.14E+10
K7QE-K7QD 2.929 1.651 9.36E+10
K7QE-K7HG3 2.932 1.541 2.97E+10
K7QE-K7HG2 2.931 1.404 2.84E+10
K7HA-K7QE 3.947 2.930 1.10E+10
K7QE-K7HA 2.932 3.950 1.65E+10
K7QB-K7QD 1.855 1.648 4.34E+10
K7QB-K7HG3 1.856 1.540 2.18E+10
K7QB-K7HG2 1.856 1.403 1.79E+10
K7QD-K7HG2 1.648 1.402 3.03E+10
K7QD-K7HG3 1.649 1.540 2.82E+10
K7HG3-K7HG2 1.544 1.402 7.64E+09
K7HG3-K7QD 1.543 1.649 3.90E+10
K7HG2-K7QD 1.401 1.649 2.51E+10
K7HG2-K7HG3 1.401 1.541 1.30E+10
K7HG2-K7QB 1.399 1.856 1.78E+10
K7HG3-K7QB 1.540 1.856 2.44E+10
K7QD-K7QB 1.648 1.855 5.01E+10
K7QB-K7QE 1.855 2.932 2.72E+10
K7QD-K7QE 1.648 2.932 8.06E+10
K7HG3-K7QE 1.542 2.931 3.20E+10
K7HG2-K7QE 1.402 2.931 2.25E+10
K7QB-K7HA 1.856 3.949 2.94E+10
K7QD-K7HA 1.649 3.949 1.47E+10
K7HG3-K7HA 1.539 3.948 6.66E+09
K7HG2-K7HA 1.402 3.950 8.16E+09
K7QB-K7HN 1.855 7.907 2.75E+09
K7HA-K7HN 3.949 7.908 3.25E+10
K7QZ-K7QE 7.389 2.932 1.43E+10
K7QZ-K7QB 7.391 1.857 4.34E+09
K7QZ-K7QD 7.392 1.649 1.13E+10
K7QZ-K7HG3 7.390 1.540 2.97E+09
L6HN-L6HA 8.144 3.969 2.35E+10
L6HN-L6HG 8.145 1.852 4.27E+09
L6HN-L6HB3 8.144 1.885 4.14E+09
L6HN-L6HB2 8.146 1.495 3.74E+09
?-L6QD2 1.886 0.909 4.89E+10
?-L6QD2 1.865 0.909 3.80E+10
?-L6QD1 1.885 0.825 1.01E+11
?-L6QD1 1.865 0.825 8.28E+10
?-L6QD1 1.495 0.825 1.69E+10
?-L6QD2 1.495 0.909 1.42E+10
L6QD2-L6QD1 0.909 0.825 2.43E+11
L6QD1-L6QD2 0.825 0.909 2.58E+11
L6QD1-? 0.825 1.496 2.02E+10
L6QD2-? 0.909 1.496 2.52E+10
L6QD1-? 0.826 1.865 1.51E+11
L6QD1-? 0.826 1.886 1.26E+11
L6QD2-? 0.909 1.865 5.86E+10
L6QD2-? 0.909 1.886 6.29E+10
L6QD2-L6HA 0.909 3.968 8.70E+09
L6QD1-L6HA 0.826 3.969 3.14E+10
?-L6HA 1.496 3.969 6.96E+09
?-L6HA 1.865 3.969 1.60E+10
?-L6HA 1.886 3.968 1.20E+10
L6HA-L6HN 3.969 8.145 1.60E+10
L5HN-L5HA 7.990 4.054 3.05E+10
L5HN-L5QB 7.990 1.682 8.54E+09
L5HN-L5HG 7.990 1.591 2.97E+09
L5HA-L5QB 4.053 1.683 1.24E+10
L5HA-L5HG 4.054 1.592 6.25E+09
L5HA-L5QD1 4.054 0.866 1.18E+10
L5HA-L5QD2 4.054 0.907 1.44E+10
L5QB-L5QD1 1.682 0.866 5.21E+10
L5QB-L5QD2 1.682 0.907 5.80E+10
L5HG-L5QD2 1.591 0.907 4.12E+10
L5HG-L5QD1 1.591 0.866 3.70E+10
L5QB-L5HG 1.682 1.592 2.00E+10
L5HG-L5QB 1.591 1.683 2.19E+10
L5QD2-L5QD1 0.907 0.866 5.84E+11
L5QD1-L5QD2 0.866 0.907 4.54E+11
L5QD2-L5HG 0.907 1.591 7.39E+10
L5QD1-L5HG 0.865 1.592 7.10E+10
L5QD2-L5QB 0.907 1.683 5.61E+10
L5QD1-L5QB 0.865 1.682 4.76E+10
L5QD1-L5HA 0.866 4.054 1.54E+10
L5QD2-L5HA 0.907 4.053 2.05E+10
L5QB-L5HA 1.683 4.054 1.38E+10
L5HG-L5HA 1.592 4.054 1.09E+10
L5HA-L5HN 4.053 7.990 2.57E+10
L5QB-L5HN 1.684 7.990 3.85E+09
G4HN-G4HA2 8.087 3.956 2.32E+10
G4HN-G4HA1 8.086 3.882 9.43E+09
G4HA2-G4HA1 3.951 3.879 1.80E+10
G4HA1-G4HA2 3.888 3.957 2.27E+10
G4HA1-G4HN 3.887 8.087 9.95E+09
G4HA2-G4HN 3.957 8.087 1.02E+10
A10HA-A10QB 4.095 1.503 8.44E+10
A10QB-A10HA 1.502 4.096 1.66E+11
A10QB-A10HN 1.503 8.447 2.38E+10
S11QB-S11HN 3.936 7.790 2.15E+10
S11QB-S11HA 3.937 4.217 8.39E+10
I2HN-I2HA 7.966 3.944 1.03E+10
I2HN-I2QD1 7.967 0.817 5.79E+09
I2HA-I2QG2 3.943 0.826 7.53E+10
I2HN-I2QG2 7.967 0.830 5.46E+09
G3HN-G3HA1 8.098 3.771 1.06E+10
G3HN-G3HA2 8.098 3.940 1.60E+10
X14H'-X14H 7.284 7.012 3.84E+09
F12QE-F12QD 7.070 6.753 2.95E+11
F12HZ-F12QD 7.131 6.751 7.92E+10
F12QD-F12QE 6.753 7.072 2.01E+11
F12QD-F12HZ 6.751 7.129 1.13E+11
F12HZ-F12QE 7.128 7.070 1.72E+11
F12QE-F12HZ 7.069 7.129 7.03E+10
F13QD-? 7.409 7.268 1.66E+11
?-F13QD 7.268 7.409 1.77E+11
?-? 7.306 7.207 1.67E+11
?-? 7.209 7.308 1.56E+11
I2QG2-I2HA 0.825 3.943 7.64E+10
?-I2QD1 1.023 0.821 6.13E+10
I2QD1-? 0.822 1.022 9.03E+10
I2HA-? 3.942 1.022 3.28E+09
I2HA-I2HB 3.943 1.883 2.52E+10
L9HA-? 4.076 1.910 5.25E+09
?-L9HA 1.959 4.078 6.87E+09
?-L9HA 1.907 4.077 6.85E+09
S11HA-S11QB 4.215 3.937 3.54E+10
I2HA-I2QD1 3.943 0.817 7.55E+10
I2HG13-I2HB 1.368 1.884 1.15E+10
I2QD1-I2HB 0.817 1.884 1.19E+11
I2QD1-I2HA 0.817 3.944 4.85E+10
K7HN-K7HG3 7.909 1.537 2.33E+09
